[
    {
        "main/loss": 4859.853424072266,
        "main/nll": 4859.853424072266,
        "validation/main/loss": 2770.350200653076,
        "validation/main/nll": 2770.350200653076,
        "lr": 0.0009999100035999167,
        "epoch": 1,
        "iteration": 10,
        "elapsed_time": 9.581798541010357
    }
]