[
    {
        "main/loss": 1451.020938873291,
        "main/nll": 1451.020938873291,
        "lr": 0.0009999100035999167,
        "epoch": 0,
        "iteration": 10,
        "elapsed_time": 3.2265064600001097
    }
]